# Created by Octave 4.2.1, Sun Jan 28 23:30:25 2018 CET <anael@anael>
# name: num_GB
# type: scalar
4


# name: num_GR
# type: scalar
1067


# name: num_Thr
# type: scalar
NaN


# name: num_Cells
# type: scalar
1071


