# Created by Octave 4.2.1, Wed Feb 07 10:35:08 2018 CET <anael@anael>
# name: num_GB
# type: scalar
4


# name: num_GR
# type: scalar
1079


# name: num_Thr
# type: scalar
NaN


# name: num_Cells
# type: scalar
1083


